$ 1 0.000005 10.20027730826997 50 5 50 5e-11
f 256 176 336 176 32 1.5 0.02
r 336 192 336 272 0 100
w 336 336 416 336 0
g 528 336 528 368 0 0
v 256 96 336 96 0 0 40 3.1 0 0 0.5
w 336 96 336 160 0
w 336 192 368 192 0
w 336 160 368 160 0
d 368 192 368 160 2 default
g 256 96 256 128 0 0
368 336 192 432 224 0 0
368 528 336 560 304 0 0
368 336 336 304 368 0 0
368 176 176 160 128 0 0
x 7 20 484 23 4 24 ESP32\slowpower\sNeopixels\scircuit\s20230306
x 287 150 331 153 4 9 IRFZ44N-1
w 112 176 176 176 0
L 112 176 64 176 0 0 false 5 0
x 37 160 86 163 4 12 IO-pin\s04
r 256 176 176 176 0 100
x 281 79 324 82 4 10 3.7V\sLiPo
w 480 336 528 336 0
x 56 268 105 271 4 12 IO-pin\s05
L 144 288 96 288 0 0 false 5 0
w 144 288 208 288 0
368 208 288 192 240 0 0
162 416 336 480 336 2 default-led 1 0 1 0.01
d 208 288 288 288 2 default
f 288 288 336 288 32 1.5 0.02
w 336 304 336 336 0
x 285 263 329 266 4 9 IRFZ44N-2
x 392 110 442 113 4 24 hello
x 419 318 477 321 4 12 LEDje\sload
x 134 41 467 44 4 10 LEDje\sload\sgaat\saam\sals\sstroom\sbeschikbaar\sis\s(pin04),\sen\sNexopixels\saan.
